Loss: 0.8414174338326837
Acc: 0.6598540150336106
