Loss: 0.7671718506917466
Acc: 0.7109489055445595
