Loss: 1.3330282597211156
Acc: 0.6583941611060261
