Loss: 1.066775110516235
Acc: 0.41167883272588685
