Loss: 3.339676103591919
Acc: 0.683333334128062
