Loss: 1.3945113595326741
Acc: 0.6600000007947286
