Loss: 2.537897066300114
Acc: 0.6866666666666666
