Loss: 1.0077921442190807
Acc: 0.4166666666666667
